100 2000
0 1 6620045.328
0 2 7800080.565
0 3 10450004.921
0 6 11580082.623
0 7 2600025.649
0 11 9930069.667
0 12 19570091.587
0 13 15500075.865
0 15 7550046.714
0 16 6080007.054
0 17 11970053.237
0 20 6960037.646
0 21 8210058.816
0 22 2650002.308
0 25 240061.127
0 31 19290037.991
0 32 18050025.418
0 33 2110076.147
0 34 17540033.801
0 35 6280088.482
0 36 17340038.874
0 39 1700042.336
0 41 10410001.526
0 45 19260065.75
0 48 950010.928
0 49 10320071.643
0 51 3030008.431
0 53 18780066.473
0 54 13030070.404
0 58 4950086.364
0 59 17820097.575
0 60 11430068.291
0 62 15070038.331
0 63 15340050.631
0 67 14130070.506
0 68 14830039.819
0 71 17190075.267
0 72 8910013.268
0 74 8010089.338
0 76 15170047.049
0 78 9730065.779
0 81 5860071.096
0 82 11770060.962
0 83 7910087.884
0 84 11550002.985
0 85 4260007.254
0 86 9390000.851
0 95 8520062.036
0 96 13610039.261
0 97 7250074.498
1 2 8620044.916
1 4 4710000.698
1 5 12030087.607
1 6 5110079.086
1 10 4770048.802
1 12 18330025.856
1 14 18890058.798
1 17 2440083.147
1 19 11170084.773
1 22 2280077.52
1 24 16540006.512
1 28 18380097.923
1 29 17690079.433
1 33 17260013.513
1 35 11520013.902
1 36 17960021.907
1 37 17010044.044
1 38 7240063.016
1 42 5130045.879
1 43 3770018.761
1 45 2980070.826
1 46 8170093.288
1 54 7820046.447
1 55 12550009.704
1 59 15010068.04
1 65 12580040.854
1 68 14510060.303
1 69 10520099.655
1 72 19350012.866
1 73 10600085.324
1 77 14800010.655
1 79 13170010.748
1 80 19950062.569
1 85 16000027.537
1 88 1620070.868
1 90 11530071.421
1 91 6610032.577
1 92 2420007.298
1 93 3230092.166
1 99 8720058.045
2 3 5980055.394
2 6 8980076.228
2 9 16240024.796
2 10 760078.293
2 11 19600002.005
2 17 13450011.171
2 18 9420037.896
2 19 8850095.924
2 20 810049.322
2 21 750009.391
2 24 10180003.52
2 30 15080086.677
2 31 13090049.785
2 32 17530078.037
2 34 7870007.895
2 36 19170035.73
2 39 6390047.852
2 41 4430076.071
2 42 14900016.866
2 43 17480003.859
2 44 16660013.359
2 48 15420035.547
2 50 10700072.728
2 51 2000028.02
2 52 7960065.938
2 54 3600087.012
2 55 7490065.309
2 58 15730080.397
2 61 16830093.8
2 64 2320068.484
2 66 18100038.154
2 68 17400016.356
2 70 8470073.495
2 71 6190082.602
2 73 4380099.335
2 76 3750039.871
2 84 10240061.411
2 86 1400006.798
2 89 11310038.769
2 91 5570034.164
2 94 2690014.007
2 97 16210034.929
2 98 13660044.788
3 7 10890020.33
3 8 2640086.821
3 10 14400065.573
3 13 4500051.829
3 15 9660033.144
3 17 10210031.221
3 19 4540081.563
3 20 2830041.438
3 22 7520035.775
3 26 17230010.333
3 30 6420064.614
3 32 3110045.859
3 33 1610048.757
3 34 5880059.829
3 36 2090052.947
3 39 8630041.845
3 40 11000043.354
3 42 8300074.814
3 46 910058.45
3 48 5060066.365
3 53 7770094.276
3 54 4330091.628
3 55 17080053.345
3 59 15220051.5
3 60 3140012.559
3 62 14890077.914
3 63 16310074.223
3 64 16380081.257
3 65 260061.12
3 69 17580013.939
3 73 13910073.039
3 74 12420070.07
3 78 13570026.597
3 82 9370065.01
3 85 16650004.694
3 88 7570051.218
3 89 7090039.413
3 95 1000042.678
4 7 2270052.709
4 9 3050000.088
4 11 18310035.402
4 18 14310062.513
4 21 16180084.353
4 23 7410068.057
4 29 12410013.297
4 30 10430065.835
4 31 9770083.022
4 32 5550099.024
4 34 17810056.272
4 35 9400025.204
4 40 5420084.585
4 45 12690014.192
4 46 7160005.094
4 47 16510061.387
4 52 5350052.778
4 53 4080099.196
4 54 18790022.918
4 64 10390092.917
4 65 6680091.931
4 66 4030007.752
4 68 17780056.797
4 70 17860096.082
4 72 1980048.999
4 73 13240001.573
4 78 8550055.207
4 87 17490027.99
4 91 11190002.501
4 96 9510077.677
5 6 7780061.773
5 10 18200052.872
5 12 9620058.592
5 18 17640066.668
5 19 15270089.946
5 24 6290008.038
5 25 19550089.438
5 27 15950037.459
5 28 5540078.303
5 29 770040.03
5 32 19940020.351
5 35 8600071.055
5 41 5530056.289
5 43 16440051.776
5 44 14100056.923
5 45 8420028.876
5 49 17360088.03
5 52 18440086.337
5 53 14080076.391
5 54 18290008.981
5 58 7060089.748
5 59 8530009.644
5 61 12540059.79
5 63 15720066.622
5 66 15590033.851
5 67 4960097.956
5 68 18910080.585
5 70 3350068.699
5 71 650066.524
5 74 6880057.813
5 76 9750018.709
5 79 17870029.064
5 81 11920052.617
5 82 3880091.143
5 83 2220040.209
5 86 1780011.553
5 90 15880088.917
5 91 15910044.292
5 93 410063.436
5 95 15890038.059
5 98 7440050.38
5 99 5100062.261
6 8 13460040.851
6 12 13530078.326
6 20 19310053.392
6 22 3460080.063
6 28 11960094.778
6 32 9880034.889
6 33 2960069.588
6 34 3260000.139
6 35 15970081.534
6 36 9070048.776
6 39 6120052.049
6 42 15780068.252
6 49 17290006.695
6 50 7840086.942
6 54 7530036.944
6 59 13380026.053
6 68 2770042.47
6 71 19150006.491
6 73 2050055.636
6 75 12800058.997
6 77 19270019.904
6 79 10080065.156
6 80 9840074.601
6 81 130024.229
6 85 9210065.188
6 87 19640051.461
6 89 18040091.71
6 91 16050018.259
6 94 6980085.975
6 96 2610022.306
6 98 12850094.425
7 9 2290067.13
7 10 18990007.317
7 12 4830067.649
7 13 11710031.462
7 14 16970050.779
7 17 18710019.18
7 20 8330037.538
7 21 3360024.965
7 23 11470038.111
7 25 11390030.451
7 27 1790039.529
7 28 270065.615
7 29 8490051.574
7 31 10550046.919
7 36 16850044.085
7 40 13390072.318
7 45 1210081.991
7 48 14590088.196
7 50 16320022.442
7 53 8140022.905
7 54 13580031.846
7 57 880004.25
7 62 17500008.669
7 63 17980035.384
7 64 3640040.519
7 67 8610043.777
7 70 3850023.697
7 72 2260091.452
7 76 510014.218
7 77 16300072.843
7 80 7500063.59
7 89 17560006.661
7 91 1200052.339
7 97 12330092.339
7 99 8900041.439
8 9 6150099.442
8 11 5490003.823
8 12 11690016.32
8 13 6210043.01
8 15 10300073.787
8 16 4750045.63
8 19 14010003.0
8 20 16230015.167
8 22 30069.927
8 24 13300091.535
8 28 11570004.905
8 29 16590014.505
8 31 1020098.586
8 32 11440051.108
8 33 2330052.041
8 34 14520038.903
8 35 1230072.317
8 36 9000012.193
8 38 18260041.661
8 43 16340064.432
8 44 5380018.914
8 49 13180096.347
8 52 700077.013
8 54 3570064.163
8 55 19790046.617
8 57 13510060.314
8 62 1850051.769
8 64 18810080.209
8 65 3580090.323
8 67 19120010.211
8 69 6830098.398
8 71 8880096.455
8 72 11820039.965
8 74 18770017.099
8 75 14770014.356
8 76 8120019.846
8 77 5720051.939
8 78 19410008.987
8 80 1080045.629
8 82 14650059.932
8 83 970002.033
8 84 4410019.393
8 93 12140032.84
8 94 14450075.814
8 97 5930006.811
8 98 10070095.708
9 11 7370072.81
9 13 1650099.892
9 15 16980081.787
9 18 2970096.445
9 20 14170021.01
9 24 4840090.402
9 26 9310057.585
9 27 10490094.507
9 29 10590018.231
9 30 6750075.365
9 32 16560090.933
9 34 11270056.638
9 37 3080019.182
9 38 3910027.384
9 39 13720029.652
9 46 13640010.456
9 48 15650056.33
9 49 17430050.883
9 53 17790065.912
9 54 15200032.692
9 55 12570090.337
9 57 9320089.465
9 58 14150017.786
9 59 10330039.447
9 62 12970099.744
9 64 17950009.991
9 65 1040068.028
9 66 8810073.75
9 68 19720046.713
9 71 3920037.556
9 72 12960064.277
9 73 1130040.824
9 74 7330012.014
9 76 6330025.9
9 81 3800082.167
9 84 5040066.984
9 87 11510059.759
9 90 170004.895
9 91 19140070.885
9 93 18170041.457
9 95 15700088.584
9 97 17940060.788
10 11 14190074.502
10 13 8990057.408
10 15 7080041.412
10 21 980039.607
10 22 14960036.189
10 24 14670056.478
10 26 9330099.115
10 27 6970055.258
10 29 9650013.414
10 30 18490048.192
10 32 14200085.219
10 35 16120056.076
10 36 9990038.571
10 38 7190002.875
10 39 6070054.069
10 47 17090092.674
10 51 9970071.13
10 54 480085.832
10 56 14340062.754
10 58 15300075.971
10 62 14630074.482
10 65 2450088.139
10 66 14020019.961
10 70 13710089.902
10 71 11320082.162
10 72 19540084.274
10 76 4170004.676
10 77 19240019.858
10 78 8240033.67
10 79 1190080.413
10 82 6340091.023
10 83 16220055.7
10 85 18480032.147
10 90 9280084.062
10 94 13500005.185
10 96 13120095.604
10 97 1490070.637
10 99 1950020.487
11 13 19620061.06
11 15 19230034.356
11 16 9780028.729
11 17 14690074.81
11 18 18400089.292
11 20 2120045.174
11 22 140036.466
11 24 6540062.568
11 26 1170066.34
11 28 17150089.281
11 29 12180012.085
11 30 6440041.379
11 31 19850050.813
11 34 15660062.737
11 35 1250074.977
11 36 9820043.169
11 38 11300021.976
11 43 13700033.271
11 44 3470087.918
11 46 4290089.621
11 48 18670051.288
11 49 18610067.621
11 50 4640022.101
11 57 220075.88
11 59 7070026.051
11 60 6090033.321
11 63 20000010.142
11 64 7390097.863
11 67 3210005.836
11 69 6820032.205
11 70 14370046.983
11 72 6600027.749
11 75 17930051.871
11 80 5430000.929
11 82 17730089.003
11 84 16930084.714
11 86 19730018.482
11 87 6580066.763
11 88 15530098.948
11 91 2900039.412
11 94 3650060.615
11 96 16420094.514
11 99 15490043.434
12 13 3070023.581
12 14 18270071.621
12 15 18000050.159
12 17 1420095.107
12 18 3930083.423
12 20 12400084.993
12 24 13040015.707
12 26 16010028.537
12 27 9090096.73
12 35 5780058.339
12 40 14530065.509
12 44 1880071.266
12 46 6020098.04
12 50 10470034.484
12 52 15360045.53
12 54 4350050.65
12 59 12660058.764
12 61 14840078.75
12 68 14270098.974
12 70 11080015.087
12 71 14290040.961
12 74 8830069.922
12 75 6510017.096
12 79 6370026.626
12 81 14980063.399
12 84 19860016.292
12 85 17210013.321
12 86 1800091.729
12 89 10010065.654
12 90 14500041.877
12 93 8510013.405
12 95 9920038.433
13 14 16270086.377
13 17 19680052.051
13 18 6320031.44
13 23 16060069.258
13 24 10910024.859
13 29 4220037.133
13 30 5250022.372
13 33 13840025.389
13 34 6270012.676
13 37 19490059.063
13 39 3970010.165
13 41 18230034.784
13 43 16790051.607
13 47 3670075.069
13 49 12270005.13
13 54 9270073.116
13 56 7510075.24
13 57 10840011.07
13 58 8020077.145
13 60 6450040.548
13 69 19110010.734
13 72 450012.23
13 73 18360072.21
13 74 13200030.672
13 78 3700003.729
13 79 4600081.104
13 85 8790039.166
13 91 3830026.254
13 92 8940082.108
13 95 12000052.847
13 96 8890077.157
13 97 1110031.567
14 16 7850097.279
14 22 5500067.604
14 31 16900068.625
14 35 9600017.631
14 36 870084.066
14 38 3480099.173
14 42 15980033.369
14 43 18860043.105
14 45 430059.908
14 46 3530009.388
14 51 6460060.677
14 52 18090013.827
14 54 5440070.113
14 56 10730048.02
14 57 17740067.754
14 59 13680095.992
14 61 6010088.082
14 63 9100033.951
14 65 19130072.721
14 66 3620011.92
14 67 10660043.046
14 70 19910029.14
14 71 820064.896
14 76 4560002.311
14 77 6860048.66
14 89 2210059.516
14 93 12720055.021
14 94 11420079.426
14 97 1430080.63
14 98 1910007.266
14 99 14810057.898
15 18 5970023.734
15 19 7030032.948
15 23 5730072.705
15 25 17300048.996
15 27 16070052.57
15 31 3220065.184
15 35 8730038.762
15 36 14050093.65
15 38 560097.775
15 39 6360060.974
15 42 12060050.131
15 51 12700082.244
15 54 17160020.501
15 56 14660002.279
15 57 5370084.783
15 58 4720091.139
15 67 17510090.149
15 74 16140035.965
15 76 9910067.553
15 80 6430029.666
15 81 5950006.37
15 85 5390077.029
15 87 12200081.89
15 88 14030000.978
15 92 1630032.016
15 93 10900019.421
15 94 12430048.569
15 97 7430028.992
16 17 14180095.547
16 18 15020057.637
16 21 2720077.405
16 22 13480092.713
16 25 9700071.372
16 28 400062.586
16 29 5840070.942
16 30 15510056.063
16 32 2910068.424
16 34 6520015.938
16 35 17720038.881
16 37 18590041.799
16 38 13870007.248
16 42 14350027.182
16 45 19980037.992
16 48 11020090.859
16 52 10440007.079
16 53 3370026.09
16 54 1960018.197
16 57 4460044.39
16 58 1530011.525
16 59 860076.417
16 60 11850008.53
16 61 18350097.965
16 63 15760049.688
16 66 18720077.585
16 74 13400092.221
16 78 7890031.545
16 83 2100018.555
16 85 14640006.835
16 86 13290071.281
16 87 9670004.296
16 90 16990010.864
16 95 12640023.867
17 22 17590084.592
17 23 17890013.697
17 25 17220080.683
17 26 14550080.792
17 27 18920083.123
17 30 18960029.8
17 33 16040035.203
17 37 5020030.438
17 38 2060090.138
17 39 9060016.735
17 42 3710018.111
17 45 1320027.3
17 47 8580019.402
17 48 1510008.349
17 49 3980063.937
17 52 10020014.107
17 53 5560057.931
17 58 10080.861
17 71 5210064.17
17 72 3810006.728
17 74 15040027.874
17 75 13250098.126
17 76 10280051.165
17 80 17280051.14
17 81 710007.334
17 82 200034.624
17 87 6630083.337
17 93 19520001.522
17 94 16250070.254
17 96 2180056.463
17 97 9360089.042
17 99 9530058.885
18 21 3440085.492
18 29 12020033.455
18 30 6490053.966
18 35 8650018.31
18 36 5190078.897
18 37 4990037.169
18 38 15210040.089
18 40 17610041.772
18 42 5610056.386
18 44 9220043.077
18 46 5160079.112
18 48 10870007.838
18 51 11880083.319
18 58 6730049.975
18 60 12350048.236
18 64 18970005.46
18 67 16530090.858
18 72 10770071.91
18 73 2190097.697
18 76 17770018.76
18 78 17120068.937
18 80 13520043.844
18 87 13260093.189
18 88 17570042.454
18 93 19210010.803
18 94 1140071.64
18 98 5890061.7
19 21 11070081.339
19 22 8450083.06
19 24 12990087.309
19 26 7610031.413
19 28 11330089.336
19 30 12760066.978
19 31 2750051.093
19 32 3520081.671
19 36 16810042.872
19 38 4870038.588
19 39 1270082.582
19 42 1220050.23
19 43 14930067.278
19 46 2550067.87
19 47 17390020.196
19 52 690064.877
19 53 15690064.57
19 54 15790001.823
19 58 13890065.232
19 63 18690086.021
19 64 9200035.721
19 67 1500058.642
19 82 6760047.658
19 83 2880004.092
19 89 8260043.346
19 90 1730043.384
19 93 3680089.429
19 94 4320034.669
19 98 17920084.4
19 99 18320050.465
20 21 2140055.904
20 22 2540065.522
20 23 18470067.937
20 26 17420030.66
20 29 18300014.898
20 31 15920054.664
20 32 10960062.891
20 33 10130092.974
20 34 3160016.557
20 35 10750003.547
20 37 8760045.164
20 38 2230004.695
20 41 18850045.956
20 42 5030099.929
20 45 14760058.458
20 49 18070071.513
20 51 5900027.859
20 54 10110055.175
20 56 12880099.395
20 57 17620006.059
20 58 12170072.144
20 60 4980042.998
20 61 2130000.755
20 62 9230080.745
20 64 18730092.273
20 66 2560033.314
20 67 3550035.702
20 73 18010063.597
20 79 10880034.032
20 80 17200028.128
20 81 18870053.901
20 82 5480053.126
20 84 18280087.005
20 86 8480063.915
20 87 11660004.055
20 89 11760014.083
20 90 18950074.693
20 94 16610059.007
20 96 9900055.864
21 23 1390048.047
21 24 210077.793
21 26 4440067.393
21 27 10680030.994
21 28 17830058.522
21 30 8110088.73
21 32 16480008.996
21 34 1090035.397
21 37 3610057.206
21 40 5410007.562
21 41 15550048.693
21 46 9290045.3
21 49 630089.55
21 50 18570028.049
21 51 4040082.139
21 52 4970015.506
21 53 6800094.911
21 54 4340024.501
21 59 1540051.473
21 60 7280095.998
21 61 9690017.7
21 63 13730082.379
21 64 7350065.65
21 65 7930064.368
21 66 15620076.327
21 67 11450079.603
21 77 5090048.806
21 83 13220044.746
21 90 6250077.737
21 91 17020098.42
21 93 9380078.367
21 96 17250086.635
21 97 14300097.559
22 25 12920053.849
22 30 15830087.281
22 32 18840082.687
22 34 9950037.525
22 37 8710014.265
22 38 12620035.71
22 43 11200057.651
22 46 15990017.509
22 47 6710018.74
22 49 10360034.286
22 50 11370055.428
22 56 17840036.602
22 66 6700076.496
22 70 2860031.296
22 71 18030096.457
22 72 17350064.572
22 75 4470024.015
22 77 18160095.481
22 80 12160006.981
22 81 6530094.241
22 82 15290077.408
22 87 1290022.608
22 90 6170022.62
22 94 5240033.814
22 96 280028.724
23 24 10250087.092
23 25 12710097.113
23 28 2840031.917
23 29 15140098.567
23 30 3330082.891
23 31 6550091.363
23 32 7420045.387
23 34 2810008.87
23 36 17450063.873
23 38 4420017.256
23 47 5710050.403
23 49 15240016.185
23 50 15930023.317
23 52 13780075.444
23 54 13810006.218
23 55 10930042.63
23 56 9850037.722
23 59 17140035.138
23 60 15680066.619
23 61 5170045.748
23 63 5690098.841
23 67 11140040.028
23 68 14060049.596
23 69 16330062.019
23 72 16290095.121
23 78 5640068.752
23 81 3490090.961
23 84 14110041.794
23 87 18250027.959
23 88 15280094.43
23 89 17440055.961
23 95 4800089.842
23 96 17660046.518
24 26 5070081.789
24 28 12120037.181
24 30 14260026.47
24 31 3190007.467
24 33 9570062.42
24 35 14740086.365
24 36 15400069.326
24 38 310070.794
24 39 12290072.684
24 40 12190033.873
24 43 11560006.467
24 44 2400014.849
24 48 11410080.331
24 49 2250078.348
24 53 3430083.111
24 55 18520040.425
24 59 17050006.842
24 61 15030053.103
24 62 10160086.096
24 63 17880003.632
24 64 13140089.777
24 65 19010012.655
24 72 8350002.472
24 74 1360087.762
24 75 13740047.02
24 79 9260067.697
24 82 680015.365
24 84 11350008.351
24 89 2150078.354
24 91 19380008.342
24 94 13230047.27
25 26 9020065.245
25 27 790024.01
25 28 9720037.392
25 31 2730042.515
25 34 4400081.164
25 35 9520010.14
25 36 9890099.18
25 37 15100082.103
25 40 19160057.811
25 41 10190040.264
25 43 9300013.179
25 44 8560091.1
25 45 18110067.418
25 46 7990029.544
25 49 12100007.446
25 52 13490030.616
25 55 3150089.676
25 56 5850035.251
25 58 11490056.055
25 59 18420012.182
25 60 17970010.81
25 65 5330050.95
25 66 1830016.274
25 68 3870043.017
25 69 15180046.333
25 72 6000054.505
25 76 3420055.36
25 77 13670083.274
25 80 990075.861
25 81 160079.507
25 85 17070012.462
25 88 18240068.227
25 90 1340048.447
25 91 6310062.767
25 95 12790021.207
25 96 3780086.139
25 97 16630054.762
25 99 5400027.561
26 31 13210001.836
26 35 1600044.691
26 36 13760075.259
26 38 2580027.827
26 41 8080081.932
26 47 2430005.683
26 49 5750001.42
26 51 3660028.023
26 54 17700065.506
26 56 9740094.821
26 57 15960004.27
26 58 3900059.826
26 65 4370030.528
26 69 4570009.9
26 70 12890066.939
26 71 13070064.091
26 73 8750010.91
26 76 4190053.796
26 81 7740073.047
26 82 18560013.855
26 84 1900056.94
26 87 14320031.678
26 90 19430025.577
26 92 500045.335
26 93 3390055.162
26 95 16360079.124
26 99 10830084.551
27 29 16500058.518
27 38 9560093.315
27 40 10500074.239
27 41 7310063.933
27 45 11010016.745
27 46 5510020.36
27 49 2410027.872
27 51 12780028.278
27 54 15440074.31
27 55 18130095.879
27 56 3020011.716
27 64 7830026.468
27 65 18500040.109
27 67 14970008.456
27 69 830090.338
27 70 8930083.541
27 71 100093.681
27 73 4100015.615
27 79 5320095.316
27 80 7760062.249
27 85 8570061.285
27 86 17240010.821
27 87 6770044.985
27 88 2240011.088
27 89 17550066.141
27 91 13310001.028
27 93 13850005.905
27 94 10850017.047
27 98 11730003.182
28 30 14240090.871
28 31 14780023.451
28 32 11670088.212
28 34 17650021.441
28 35 19190053.847
28 36 17460047.025
28 37 19920092.353
28 44 15940000.554
28 47 12510071.812
28 48 1060086.409
28 50 9130091.604
28 51 230027.706
28 53 10230035.431
28 54 7970082.37
28 55 15050048.519
28 58 17850073.375
28 61 6930062.306
28 63 12010054.31
28 65 3250081.082
28 72 2160067.004
28 73 5470039.031
28 75 14230072.792
28 76 11680051.595
28 77 16190056.356
28 78 6500007.112
28 79 60060.331
28 83 8230015.114
28 85 11790086.737
28 86 15770015.428
28 88 1680041.52
28 92 14480012.219
28 95 4740090.969
28 98 13930039.786
29 30 7270090.431
29 31 12360015.534
29 32 7640067.296
29 33 15860051.948
29 37 7660025.33
29 38 12680083.522
29 41 15900070.103
29 43 9050092.333
29 44 15380089.536
29 45 960035.28
29 48 13790085.679
29 50 7580042.265
29 53 6470038.582
29 54 17310085.786
29 55 8320026.982
29 57 13080075.96
29 58 11780045.566
29 62 3310020.378
29 65 13340092.516
29 72 9040044.637
29 77 7400045.209
29 79 7040064.836
29 81 11830043.997
29 82 12940026.83
29 86 13630032.06
29 87 3380071.214
29 90 11340028.735
29 91 15460097.741
29 92 5270044.782
29 94 15150070.691
29 97 9480020.539
30 32 5670089.08
30 33 19050041.635
30 34 7940034.094
30 37 4180091.115
30 47 610002.915
30 49 3410079.85
30 52 16020072.048
30 57 16600080.77
30 58 9680061.148
30 59 10980017.225
30 71 11130018.474
30 72 4730071.146
30 77 1930054.087
30 78 50036.014
30 80 7900063.72
30 81 13110003.904
30 84 13280030.882
30 86 15810048.647
30 87 14280062.707
30 88 6790087.163
30 94 2500094.224
30 97 8370002.027
30 98 11360099.004
31 33 12610083.866
31 34 8200008.868
31 40 15130005.694
31 42 19020035.926
31 50 7340089.15
31 53 10760070.821
31 54 17030024.289
31 56 720048.029
31 59 13980081.67
31 67 12530034.288
31 68 14420034.765
31 69 13360003.985
31 70 13600000.395
31 75 1180005.327
31 77 11240068.239
31 79 5820012.932
31 81 6740005.555
31 87 13920084.903
31 92 11060058.873
31 94 4520096.171
31 95 1760040.43
31 97 9250083.89
31 98 13990095.749
31 99 4310094.708
32 33 2040073.592
32 37 14380062.926
32 38 1260094.233
32 51 1840099.463
32 56 6570014.366
32 60 9010075.087
32 65 900038.577
32 66 12150001.939
32 69 10540025.906
32 70 13150033.906
32 71 15480097.521
32 78 4120032.109
32 79 8270061.351
32 80 2030060.611
32 81 1560031.54
32 87 6410021.68
32 93 4490050.946
32 94 7980049.889
32 96 1550005.06
32 97 16720004.952
32 98 19100004.675
32 99 11260017.715
33 35 4940073.494
33 38 370017.66
33 39 5140060.993
33 40 11210029.406
33 41 7120073.635
33 42 4270091.071
33 45 4070023.533
33 48 8220087.134
33 51 18820019.098
33 55 11230012.653
33 56 14610065.968
33 57 13430032.985
33 58 7180035.017
33 59 8770006.575
33 63 5590000.669
33 64 19440046.925
33 66 530062.169
33 68 5360028.201
33 69 4000088.533
33 70 13970008.944
33 71 19580086.289
33 75 19770001.093
33 76 11590038.395
33 77 5450021.947
33 81 3720006.94
33 82 9760094.069
33 85 8740097.203
33 86 18150003.949
33 88 15370095.712
33 91 6060057.446
33 93 19820032.768
33 94 19070088.043
33 95 18430054.817
33 98 5800010.729
34 37 2350033.257
34 39 12860079.613
34 41 8180035.092
34 42 14440088.063
34 43 13830096.778
34 46 11160028.846
34 47 4110001.731
34 51 8500023.484
34 53 6650003.007
34 56 14700026.31
34 57 1740029.728
34 59 12370059.009
34 61 9430026.761
34 62 3760076.692
34 66 7150018.562
34 68 620066.609
34 69 16670086.694
34 71 11220081.549
34 74 730030.969
34 75 4590020.029
34 79 8400022.804
34 84 11040061.751
34 85 3300039.466
34 86 850072.677
34 89 18940091.018
34 92 7720034.946
34 95 8660026.125
34 99 1750038.74
35 37 8380095.7
35 39 6670021.805
35 44 18020030.202
35 48 16730048.193
35 50 18370080.871
35 52 12500049.299
35 56 5050001.861
35 58 5310049.139
35 62 10340093.245
35 63 470079.03
35 65 12520034.847
35 66 11990032.735
35 71 3740030.415
35 74 13060043.4
35 78 2790024.743
35 79 2480016.573
35 80 10620000.773
35 82 9980097.245
35 87 8590013.05
35 88 9350019.834
35 89 1410063.08
35 92 120043.925
35 93 7320082.678
35 94 10350064.232
35 99 420021.002
36 37 5680087.278
36 40 12670025.519
36 41 18930027.614
36 42 12050084.477
36 46 9180093.31
36 47 1710035.201
36 48 4580019.114
36 50 2520061.649
36 52 10310013.408
36 55 6230075.291
36 57 19660012.109
36 58 19200015.188
36 64 4610093.664
36 67 11750076.767
36 68 10200081.26
36 71 7460035.667
36 76 300055.675
36 79 4860051.223
36 89 840020.891
36 90 6810069.236
36 94 10990043.501
36 97 2800011.025
37 39 11400025.286
37 40 4820076.093
37 41 9710026.722
37 44 9540091.468
37 48 3990058.227
37 51 14540022.903
37 54 11700046.55
37 58 11380058.364
37 60 8970041.199
37 62 16750006.333
37 65 10370028.54
37 68 4620007.772
37 69 2760043.694
37 72 6040098.421
37 74 780012.879
37 77 7450086.324
37 78 12320007.425
37 80 2300078.708
37 82 7480003.14
37 83 11460075.452
37 85 4700094.629
37 90 7010099.264
37 94 8050010.629
37 95 1580085.519
37 97 17910019.431
37 98 16090009.444
38 39 490010.082
38 42 19780042.042
38 43 19840092.782
38 44 1330027.191
38 45 17470070.545
38 46 12280061.857
38 48 18580040.654
38 50 940042.373
38 54 2950043.188
38 55 4670021.241
38 56 9140063.625
38 60 11720096.106
38 61 10510068.233
38 73 14160029.819
38 74 18080030.757
38 77 15600051.701
38 82 9240038.599
38 83 15060016.484
38 86 2710048.238
38 89 3820013.383
38 93 17750000.736
39 40 7020096.669
39 42 15250038.448
39 50 6350009.176
39 52 6380078.688
39 53 2740057.236
39 56 18750013.142
39 57 11640073.309
39 60 13470070.861
39 67 7630063.188
39 69 90022.745
39 71 11630028.102
39 74 15090080.448
39 75 14140014.465
39 78 1160030.905
39 85 5200025.094
39 87 6660012.878
39 92 16260076.927
39 93 10810026.585
39 94 9830089.246
39 98 12260079.794
39 99 6560074.84
40 43 8060078.306
40 48 13820083.639
40 49 1070005.418
40 50 2570080.115
40 51 15630076.151
40 52 8950018.882
40 53 18390088.531
40 54 13010096.462
40 55 920078.938
40 57 10780096.612
40 59 4650067.162
40 63 7290003.12
40 64 5340099.057
40 65 19390036.42
40 66 8070085.732
40 67 1770070.609
40 69 1570049.891
40 70 16550061.475
40 72 1660072.366
40 74 19880064.292
40 78 17100000.103
40 80 10940005.818
40 84 1590096.999
40 87 570030.408
40 90 7140064.622
40 91 4690060.553
40 94 460083.913
40 95 10610036.128
41 43 14850011.944
41 44 4920081.904
41 45 18190056.83
41 52 7600006.63
41 56 15410014.723
41 58 12980033.825
41 61 19800002.157
41 62 1520041.044
41 63 7750070.08
41 66 1050045.08
41 70 2460043.963
41 78 16690011.983
41 80 19030046.66
41 83 15430006.707
41 87 10050098.676
41 88 4550004.986
41 89 70065.011
41 91 330074.71
41 93 1690010.227
41 95 1300001.191
41 97 3040085.092
41 98 14880099.034
42 44 3940053.822
42 50 10860046.43
42 51 14680096.875
42 57 10690069.727
42 62 2360055.578
42 63 10630006.126
42 66 14790007.328
42 76 16370034.898
42 78 13270002.163
42 81 19610034.753
42 83 6260050.988
42 85 14210035.825
42 88 12230082.115
42 89 14250002.453
42 91 16950088.011
42 93 15800086.632
42 98 17330066.276
43 44 13190075.868
43 46 12460068.599
43 47 4160040.323
43 53 7700094.969
43 54 19060017.399
43 55 14070050.845
43 57 8250051.417
43 59 10060042.328
43 62 12650088.494
43 64 17170026.363
43 65 14950007.215
43 69 8160049.408
43 70 16400048.232
43 73 18210077.247
43 74 4910053.495
43 75 10100063.243
43 77 1940018.014
43 85 11030010.589
43 88 4230006.642
43 89 12560002.243
43 94 14710073.332
43 95 13690089.606
43 98 1240089.252
44 46 4300078.871
44 47 16910004.13
44 48 7230075.029
44 51 15710091.763
44 56 5520075.725
44 65 2080090.64
44 68 2310063.904
44 69 16840036.699
44 70 11840032.655
44 71 890075.68
44 73 15840020.228
44 74 5630056.398
44 76 13320021.197
44 78 16350073.444
44 79 4630036.36
44 80 10790064.335
44 84 11980055.786
44 94 18220028.707
44 95 12740098.699
44 96 6890029.054
45 50 8640019.905
45 51 8540086.065
45 52 9170060.442
45 55 5920061.826
45 59 10530042.553
45 62 12770012.693
45 68 7560083.806
45 71 17110068.814
45 73 9120034.501
45 75 14750015.631
45 77 15570004.155
45 78 16680079.106
45 80 7050023.277
45 82 5960047.271
45 83 3400024.828
45 85 6400073.112
45 86 16570000.724
45 87 19320089.436
45 91 12910006.096
45 93 10030053.97
45 94 9610046.819
45 95 13560006.156
46 50 10580094.472
46 51 14870071.134
46 54 13540010.743
46 55 580058.85
46 57 10920075.741
46 59 2660071.666
46 60 2170035.772
46 64 2200004.426
46 67 8000006.066
46 69 4760042.594
46 72 16170029.861
46 74 4450041.879
46 76 10820090.045
46 78 12470003.238
46 81 13770019.673
46 83 18540084.161
46 87 4060037.414
46 89 13370022.588
46 93 10170032.88
46 94 16280055.603
46 95 19090093.325
46 96 19530005.102
46 97 18980086.341
46 99 11150058.156
47 48 3180030.349
47 56 10380040.575
47 58 12820038.0
47 62 7170079.285
47 65 4090059.975
47 68 16710024.322
47 69 14410021.217
47 72 18650096.113
47 73 9640035.625
47 76 1640052.07
47 77 10480058.179
47 80 7540046.643
47 81 6200053.275
47 82 13960011.736
47 83 6030099.849
47 95 3730035.359
47 96 5120008.421
47 97 13440095.131
47 99 11910008.888
48 51 17410053.589
48 52 8440070.287
48 55 10000001.598
48 56 18760002.57
48 61 8290059.319
48 63 11610036.884
48 64 13050008.134
48 65 19360073.043
48 66 3060032.195
48 67 12490010.067
48 70 13590086.164
48 71 2930023.345
48 72 14460040.111
48 78 17370021.188
48 81 11800067.407
48 84 15000013.495
48 85 8090063.599
48 88 15520034.36
48 93 3540011.007
48 95 17130069.644
49 50 13620016.811
49 52 13420042.773
49 53 18120022.672
49 54 5000041.017
49 57 9580063.785
49 68 18340096.188
49 73 1100015.998
49 74 5770072.779
49 75 3170027.468
49 76 7380078.346
49 78 12600083.213
49 80 13350025.634
49 82 5940015.379
49 85 2020045.753
49 88 19450096.515
49 91 15820016.996
49 92 10260022.887
49 94 1820063.025
49 97 16410022.47
50 51 2380064.668
50 53 8040006.9
50 58 17990089.017
50 59 2820080.873
50 62 4810057.423
50 69 10290037.41
50 73 8820012.748
50 74 13900091.081
50 78 16620074.521
50 81 14920056.174
50 84 19930085.62
50 86 11930073.552
50 88 15260095.683
50 93 18630055.308
50 94 11100027.79
50 96 19500080.657
51 55 7670066.409
51 57 11870084.039
51 58 8690027.917
51 59 19340077.617
51 60 13750001.3
51 62 12070076.644
51 63 3960010.088
51 70 12040042.453
51 72 4360042.196
51 73 4280078.337
51 78 19960066.266
51 80 14090069.032
51 82 10150059.546
51 86 15390093.441
51 88 6920037.781
51 91 11900079.558
51 93 19670044.218
51 97 16580083.919
52 54 19250047.787
52 56 8100046.126
52 57 7360016.153
52 58 440058.404
52 61 12090043.538
52 67 19300091.636
52 72 6160060.185
52 73 1460044.636
52 75 19480090.647
52 77 2510082.257
52 78 10720071.598
52 83 19900084.465
52 84 15870073.033
52 85 1970078.983
52 86 11280075.497
52 87 3200002.86
52 88 7730068.629
52 93 20016.175
52 95 14220027.135
52 99 3100036.435
53 56 17380011.106
53 57 10800067.923
53 59 17760037.12
53 63 19760028.854
53 70 8920034.97
53 72 12380060.501
53 75 4850075.734
53 76 5830044.745
53 82 8130019.719
53 89 12310059.87
53 90 9110081.583
53 92 15310027.829
53 93 80023.64
53 95 3290005.925
54 58 17630079.798
54 65 16450026.816
54 72 19710010.049
54 74 8840032.454
54 77 9080084.059
54 79 19810020.738
54 83 5760089.133
54 84 15670052.454
54 86 14360078.229
54 87 8780059.991
54 88 14330004.201
54 89 6590028.578
54 93 11290018.439
55 56 6100043.996
55 60 4530030.958
55 61 15230048.207
55 62 18550003.701
55 63 7650091.042
55 64 9940063.509
55 67 9450016.063
55 68 18830057.592
55 69 15850066.028
55 70 18600031.029
55 71 10140079.572
55 72 6690058.345
55 73 10650033.105
55 75 9150028.009
55 76 1920084.543
55 78 4880048.671
55 80 5740023.291
55 84 10040009.357
55 87 2780074.469
55 88 10560081.116
55 89 2470039.353
55 90 5700094.968
55 91 6140000.344
55 93 15560071.224
55 94 2850004.941
55 95 19280018.614
55 98 15160072.095
56 57 11090085.921
56 60 13940007.565
56 65 19470099.452
56 68 2920040.551
56 70 12110000.898
56 73 19460066.108
56 74 640047.704
56 79 10270078.257
56 80 7690092.566
56 84 5870079.641
56 87 3130085.526
56 89 15540028.458
56 90 14580088.171
56 93 13410024.936
56 96 5810068.787
56 97 18640056.67
57 60 12130054.148
57 61 2370071.565
57 64 17520033.351
57 66 12340000.082
57 67 3450046.855
57 71 11050093.082
57 72 3590039.191
57 73 12220073.325
57 74 14910048.17
57 75 16640000.642
57 76 1810051.286
57 78 9800067.933
57 83 14600063.265
57 84 6640000.676
57 86 19700082.988
57 88 8800039.127
57 92 19830054.443
57 93 11540006.7
57 94 14860064.878
57 98 2630000.935
58 63 2530084.078
58 65 380068.809
58 67 18450016.497
58 70 18620050.167
58 71 4210037.897
58 72 6910094.792
58 74 12810010.345
58 75 5600026.36
58 76 12210036.867
58 78 4510060.648
58 87 11120018.224
58 90 15470025.367
58 92 18460088.457
58 96 9410080.524
58 98 6950084.155
58 99 8700076.662
59 60 8460075.816
59 62 16520028.336
59 63 18700017.655
59 66 6850058.618
59 68 18060089.806
59 69 16800051.654
59 72 1440057.671
59 75 2590066.715
59 80 15610049.938
59 81 12730063.736
59 86 10460040.81
59 91 6300013.543
59 92 7950097.822
59 95 5280008.617
59 97 13160064.719
59 99 660066.37
60 68 1350064.366
60 80 1370004.799
60 82 590077.06
60 83 15580011.011
60 84 17000049.801
60 85 5290004.122
60 89 15330084.618
60 91 7100042.051
60 94 8860011.094
60 96 18510015.853
60 97 3790034.0
60 98 10090026.991
61 63 7860081.186
61 65 14720080.427
61 66 7000022.158
61 67 9470041.603
61 70 19330008.545
61 72 16110033.744
61 80 17320090.127
61 86 5580040.477
61 87 17900007.897
61 88 5910099.16
61 89 2680078.425
61 91 19510003.917
61 93 5620029.322
61 98 4140027.43
61 99 5260038.695
62 64 15450083.949
62 67 5300055.873
62 69 3280086.468
62 71 14820032.53
62 73 19420004.3
62 77 7110012.476
62 78 1670092.125
62 80 16700091.63
62 82 11810095.261
62 85 1150087.9
62 86 4250059.113
62 88 14620008.471
62 91 4480062.46
62 94 18660009.924
62 96 250083.457
62 98 1870041.364
63 66 13800041.871
63 69 11110013.222
63 71 390077.411
63 73 19890025.643
63 75 16890010.259
63 77 19970028.399
63 78 9190027.155
63 80 10220019.464
63 82 13550085.373
63 89 10120014.376
63 90 8340010.569
63 91 16470048.801
63 97 6720096.418
63 99 3510080.777
64 66 7920042.898
64 67 320015.959
64 72 9030019.803
64 78 3890083.713
64 79 5460079.594
64 80 16160076.555
64 83 16770067.898
64 85 16940018.91
64 86 5150003.135
64 87 2490066.795
64 91 11250097.588
64 93 14120033.998
64 94 4390097.128
64 97 19750004.803
64 98 8680099.74
64 99 5650008.798
65 66 13000070.862
65 69 17600004.539
65 72 8960016.242
65 73 1860006.139
65 74 13130056.261
65 78 11180011.686
65 80 6110074.318
65 81 10640028.074
65 85 7130076.855
65 89 8190085.072
65 93 16130042.576
65 95 16780098.105
65 99 740085.616
66 67 3860011.521
66 68 12250002.43
66 73 12630077.111
66 74 14390002.228
66 82 6130084.556
66 84 19690063.527
66 85 2870058.037
66 88 19650081.28
66 90 5220036.845
66 92 290043.739
66 93 7590057.557
66 96 5790070.731
66 97 9160015.408
66 98 3630044.047
67 70 14490050.053
67 72 12900052.394
67 74 13330098.991
67 76 16430091.779
67 77 14040025.834
67 78 14990071.963
67 79 8870039.416
67 81 4130055.406
67 82 2070003.226
67 83 10740008.93
67 84 12950009.106
67 85 8360059.81
67 86 16030018.85
67 87 19630046.471
67 89 8150069.168
67 92 800086.302
67 93 15350041.586
67 94 12390053.034
67 97 9590025.582
67 99 520052.308
68 69 11500080.695
68 70 7810062.478
68 71 16820007.542
68 72 9810020.646
68 73 13880075.882
68 75 18410087.424
68 77 18180054.252
68 78 2620046.4
68 83 12240070.258
68 85 360030.447
68 87 9860099.404
68 88 13950041.202
68 89 2990062.491
68 90 7680076.214
68 91 1890077.627
68 98 1380023.757
68 99 13650086.201
69 70 190098.235
69 72 10570080.751
69 73 16100068.207
69 74 7710039.832
69 79 13020084.495
69 81 350036.777
69 84 19400046.332
69 91 17710066.555
69 92 6050029.997
69 93 11600025.407
69 94 2340090.682
69 95 10420044.138
69 96 6870028.525
69 98 5010096.903
69 99 3000048.305
70 71 13860087.216
70 72 1010057.945
70 73 19080095.526
70 77 5990083.665
70 79 3010021.824
70 80 16460020.278
70 83 6900003.482
70 85 3950065.354
70 90 12840004.651
70 92 15750042.497
70 99 9870033.293
71 73 540044.442
71 78 4890034.431
71 80 3560021.329
71 82 16860017.846
71 91 18800056.46
71 92 2670022.853
71 95 15110082.648
71 96 16200082.375
71 99 14560051.439
72 78 16740041.627
72 81 550055.662
72 84 340087.298
72 85 12930060.354
72 91 6840072.042
72 93 2390091.8
72 94 4050099.482
72 95 16760099.48
72 98 19000024.09
73 78 12080024.045
73 80 7620098.68
73 83 19180085.058
73 84 4150085.147
73 85 18880050.517
73 86 19370053.319
73 89 4660020.848
73 92 4010003.215
73 93 1280054.67
73 94 16080045.689
73 97 18740047.342
73 98 1030077.817
73 99 600089.628
74 75 3500070.78
74 78 7220041.238
74 79 9550031.523
74 80 5180095.831
74 82 3270025.164
74 83 16960042.811
74 84 18140067.932
74 91 7300041.677
74 92 11950019.702
74 95 6990083.249
74 97 15190078.021
74 99 150016.984
75 76 19560060.894
75 82 3090004.516
75 87 9340088.007
75 90 930090.084
75 91 10400092.071
75 94 19040099.461
75 98 4900009.623
76 77 16490041.633
76 78 1450045.737
76 81 6480034.269
76 85 5660026.935
76 88 14570049.003
76 90 2890061.304
76 92 8390044.857
76 95 11890056.486
76 96 11620050.899
76 98 12450091.551
77 79 14470033.611
77 82 15740088.716
77 85 4790057.872
77 86 3840038.196
77 87 1310079.839
77 91 1480007.747
77 92 17270094.019
77 93 19220098.32
77 94 6940062.422
77 99 16920048.112
78 84 17040055.667
78 87 17060043.994
78 94 16870041.432
78 98 6780007.091
79 82 7210088.887
79 83 19990068.967
79 85 11480099.422
79 86 2940040.621
79 87 9490024.848
79 89 15320061.406
79 93 19590025.761
79 94 3340055.738
79 97 8410020.034
80 82 13100061.081
80 85 7880007.85
80 86 18900088.068
80 88 19740032.949
80 89 16880012.55
80 91 11740048.918
80 92 14730061.173
80 94 8670040.299
80 95 180047.93
80 96 1470067.528
81 82 17180090.657
81 83 110051.914
81 85 18680049.0
81 87 12750019.714
81 94 1120028.675
81 96 16390098.951
82 83 12870045.718
82 84 2700096.865
82 85 9460034.173
82 87 7470062.213
82 89 16150066.819
82 90 19870088.51
82 98 670061.138
82 99 4240099.812
83 91 12830022.344
83 94 4780045.217
83 95 7200019.147
83 99 10950039.601
84 86 10970038.313
84 88 6180033.514
84 90 2010079.261
84 91 14000054.733
84 93 3240097.371
84 94 9500067.467
84 97 4930021.938
84 98 5230092.129
85 87 8310058.174
85 88 3320047.045
85 90 8030081.579
85 92 4020099.792
85 94 3120024.001
85 98 17670019.088
86 88 6220069.954
86 92 4200054.596
86 96 14430020.493
86 97 14940028.635
86 98 9630051.499
87 88 18530078.162
87 89 1990072.498
87 90 10710097.602
87 93 15640046.161
87 95 3690038.559
88 91 5080088.22
88 92 17800016.217
88 96 17680038.819
88 97 8430008.105
88 98 9960062.973
89 90 15120053.361
89 91 11650077.619
89 95 40064.114
90 92 6240033.758
90 93 1720098.181
90 95 8280043.723
90 99 12590073.897
91 93 4680040.577
91 94 7790034.089
91 95 10670029.006
91 97 12440065.342
92 93 12300010.435
92 97 9790054.739
93 95 9440033.261
93 98 11860087.924
94 99 12480054.144
95 99 7260071.962
97 98 11940021.787
