186 49 -1 -1
64 44 -1 -1
13 32 -1 -1
22 36 -1 -1
32 38 -1 -1
103 47 -1 -1
21 35 -1 -1
15 32 -1 -1
47 40 -1 -1
57 42 -1 -1
1 27 -1 -1
5 30 -1 -1
32 38 -1 -1
20 35 -1 -1
57 42 -1 -1
63 43 -1 -1
15 33 -1 -1
1 27 -1 -1
48 41 -1 -1
51 41 -1 -1
80 45 -1 -1
23 36 -1 -1
8 31 -1 -1
18 34 -1 -1
1 28 -1 -1
16 33 -1 -1
1 28 -1 -1
2 29 10 17
2 29 24 26
4 30 27 28
9 31 29 11
17 34 22 30
28 37 2 7
31 37 16 25
35 39 31 23
41 39 13 6
45 40 3 21
59 43 32 33
64 44 4 12
76 45 34 35
92 46 36 8
99 46 18 19
114 47 9 14
122 48 37 15
128 48 1 38
156 49 39 20
191 50 40 41
217 50 5 42
250 51 43 44
342 51 45 0
408 52 46 47
592 52 48 49
1000 -1 50 51
